822
220
272
796
912
805
718
735
766
950
166
893
502
227
355
561
573
634
879
589
123
706
983
199
133
761
385
173
564
693
315
874
769
887
305
379
686
250
259
345
639
910
753
665
700
531
125
786
143
808
381
902
384
136
317
336
683
374
723
888
292
399
169
888
344
720
208
717
542
100
303
414
832
127
752
520
578
856
447
971
238
531
207
374
126
248
409
382
409
427
486
306
781
361
403
688
175
113
220
251
760
297
552
197
215
129
294
212
504
485
753
799
472
946
910
681
676
447
379
904
940
813
845
785
843
573
219
589
543
556
356
723
797
127
737
314
438
793
645
534
487
343
174
107
427
939
118
585
789
673
893
418
206
402
565
271
900
537
125
918
691
114
727
457
852
509
998
151
328
813
420
719
434
935
964
447
278
586
582
762
472
217
924
710
547
820
146
785
717
380
629
533
209
932
962
390
891
905
298
725
638
704
787
180
463
158
158
450
922
147
427
668
952
273
303
421
178
321
753
128
505
310
587
758
863
220
401
362
743
724
760
128
314
163
294
862
974
986
848
932
826
201
210
980
814
626
913
840
858
376
906
439
573
617
218
236
793
584
998
475
433
119
876
677
155
137
174
246
166
116
335
216
998
651
931
434
312
318
953
558
756
511
813
474
576
293
956
997
999
725
960
381
478
906
109
794
213
339
597
117
219
484
860
749
156
486
815
319
642
853
870
667
649
193
593
834
982
118
576
382
376
511
286
794
608
251
558
630
157
543
425
144
665
620
916
476
219
414
177
268
104
127
204
550
970
334
528
890
997
540
445
570
378
803
293
764
181
956
318
799
931
138
338
700
897
612
250
854
948
624
833
439
893
308
207
900
504
656
172
285
291
591
789
668
329
276
716
669
194
900
888
298
564
957
236
803
948
255
965
165
463
891
165
849
503
107
863
975
800
941
531
332
810
107
933
321
470
862
607
187
165
746
160
787
979
366
277
251
177
650
230
330
749
566
853
862
604
200
166
469
919
420
888
516
411
131
161
473
142
760
952
118
130
127
646
361
428
439
702
752
312
166
816
926
540
236
879
227
807
625
738
347
320
785
246
810
706
468
465
596
431
547
141
454
741
951
958
489
660
413
567
540
782
364
602
858
204
337
607
526
139
512
396
344
538
442
315
726
843
632
926
521
822
172
285
291
816
765
826
663
533
563
215
309
997
108
557
552
585
316
129
942
834
990
346
704
718
237
177
480
729
560
275
416
630
367
705
175
805
228
525
720
286
547
371
340
412
379
873
882
893
857
538
231
139
256
816
645
921
367
736
541
407
877
875
664
271
882
187
896
335
276
937
697
803
421
150
377
441
745
965
441
471
577
359
172
510
288
768
901
114
644
476
159
678
577
845
991
401
216
780
773
632
912
782
418
839
540
655
411
931
783
209
475
707
126
430
100
968
724
802
233
728
835
357
744
266
796
590
658
787
870
654
291
985
909
792
815
434
193
764
802
178
475
361
830
770
817
580
757
593
760
693
464
987
637
741
599
345
881
983
991
354
428
304
554
371
300
336
382
249
725
464
502
165
467
146
230
538
938
989
888
686
730
244
184
138
693
868
165
755
795
966
444
660
578
966
543
772
437
852
944
582
215
740
579
535
253
493
928
608
864
893
513
770
506
291
574
700
827
246
110
589
804
253
797
609
901
863
948
544
708
278
916
629
171
535
248
808
110
639
487
404
495
659
112
697
956
965
410
951
780
747
606
438
506
655
136
668
111
157
913
542
610
662
142
947
586
606
876
876
568
432
356
860
156
831
506
209
272
897
282
878
493
315
128
595
700
336
987
213
255
980
885
610
148
355
432
726
403
540
110
448
719
619
575
366
398
143
604
269
477
108
196
798
181
670
224
559
853
638
155
254
353
778
549
500
259
118
874
861
972
478
752
492
396
613
374
467
362
230
274
822
908
340
811
981
546
277
591
328
570
232
150
906
726
234
408
296
821
586
705
131
174
751
564
992
413
915
646
139
489
428
451
759
902
829
397
656
276
818
876
146
253
370
902
185
872
312
324
558
445
766
105
881
189
852
629
839
693
247
366
349
630
645
539
794
361
107
459
505
643
501
700
193
766
560
951
551
597
297
576
944
965
605
460
592
949
232
324
952
243
405
301
110
427
734
317
352
278
839
711
838
361
944
359
998
171
690
539
337
349
996
162
865
206
728
146
121
128
604
955
446
648
186
260
530
784
410
313
808
890
705
858
536
783
904
101
349
850
855
359
855
835
415
265
707
217
917
393
